[gd_scene load_steps=9 format=3 uid="uid://b6rdtnkvtygxj"]

[ext_resource type="Material" uid="uid://knbnie5irsuo" path="res://materials/grid.tres" id="1_0romt"]
[ext_resource type="PackedScene" uid="uid://llgmvxi8mt8w" path="res://scenes/enemies/enemy.tscn" id="2_vug43"]
[ext_resource type="PackedScene" uid="uid://coogjs1mlytdk" path="res://scenes/player/player.tscn" id="3_h7313"]
[ext_resource type="PackedScene" uid="uid://bxypfnemryiwm" path="res://scenes/environment/ceiling_light.tscn" id="4_6gl0i"]
[ext_resource type="PackedScene" uid="uid://bl47lgp28h55u" path="res://scenes/environment/clock.tscn" id="5_a8vkq"]

[sub_resource type="Sky" id="Sky_dwee1"]

[sub_resource type="Environment" id="Environment_t5bu1"]
background_color = Color(1, 1, 1, 1)
background_energy_multiplier = 0.0
sky = SubResource("Sky_dwee1")
ambient_light_source = 1
ambient_light_energy = 0.0
reflected_light_source = 1
tonemap_mode = 2
tonemap_exposure = 0.79
tonemap_white = 7.01
fog_enabled = true
fog_light_color = Color(0.188235, 0.207843, 0.235294, 1)
fog_light_energy = 0.55
fog_density = 0.014
volumetric_fog_enabled = true
volumetric_fog_albedo = Color(0.239216, 0.239216, 0.239216, 1)
volumetric_fog_length = 0.01
adjustment_enabled = true
adjustment_brightness = 0.83
adjustment_contrast = 1.27
adjustment_saturation = 0.78

[sub_resource type="NavigationMesh" id="NavigationMesh_vwimf"]
vertices = PackedVector3Array(-2.5, 0.25, -16.5, -2.5, 0.25, -17.5, -4.25, 0.25, -17.5, -4.25, 0.25, -16.5, -21, 0.25, -8.5, -4.75, 0.25, -8.5, -4.75, 0.25, -16, -21, 0.25, -20.25, -4.75, 0.25, -16, -4.25, 0.25, -16.5, -4.25, 0.25, -17.5, -4.75, 0.25, -18, -21, 0.25, -20.25, -4.75, 0.25, -18, -4.75, 0.25, -20.25, -21, 0.25, -20.25, -2.5, 0.25, -17.5, -2.5, 0.25, -16.5, 1, 0.25, -16.5, 9.5, 0.25, -17, 10, 0.25, -12.25, 11.25, 0.25, -11, 14.25, 0.25, -11, 10, 0.25, -15.5, 10, 0.25, -17.5, 10, 0.25, -15.5, 14.25, 0.25, -11, 14.25, 0.25, -11, 14.75, 0.25, -9.5, 21.75, 0.25, -10.5, 1, 0.25, -16.5, 1.25, 0.25, -16, 9.5, 0.25, -16, 9.5, 0.25, -17, 9.5, 0.25, -16, 10, 0.25, -15.5, 10, 0.25, -17.5, 9.5, 0.25, -17, 10, 0.25, -19.25, 10, 0.25, -17.5, 14.25, 0.25, -11, 21.75, 0.25, -10.5, 21.75, 0.25, -19.25, 10.5, 0.25, -10.5, 11.25, 0.25, -11, 10, 0.25, -12.25, 9.5, 0.25, -11.75, 10.5, 0.25, -3.5, 10.5, 0.25, -10.5, 9.5, 0.25, -11.75, 2.25, 0.25, -11.75, 2.25, 0.25, -4.75, 4.75, 0.25, -3.5, 2.25, 0.25, -4.75, 4.25, 0.25, -3, 4.75, 0.25, -3.5, 22.25, 0.25, -10, 21.75, 0.25, -10.5, 14.75, 0.25, -9.5, 14.75, 0.25, 7.25, 22.25, 0.25, 7.25, -1.75, 0.25, 5.5, -2.5, 0.25, 6.25, -2, 0.25, 6.75, 1, 0.25, 4.25, -5.75, 0.25, -4, -6, 0.25, -3, -4.5, 0.25, -3, 1.75, 0.25, -4, -4.5, 0.25, 3, -6.25, 0.25, 3, -6.25, 0.25, 4, -2.25, 0.25, 4.25, 5.5, 0.25, 4, 9, 0.25, 9, 9.75, 0.25, 8.75, 4.25, 0.25, 0.75, -4, 0.25, 2.5, -4.5, 0.25, 3, -2.25, 0.25, 4.25, 1, 0.25, 4.25, 4.25, 0.25, -3, 2.25, 0.25, -4.75, 1.75, 0.25, -4, 1.75, 0.25, -4, -4.5, 0.25, -3, -4, 0.25, -2.5, -2.25, 0.25, 4.25, -1.75, 0.25, 5.5, 1, 0.25, 4.25, 1, 0.25, 4.25, 5.5, 0.25, 4, 4.25, 0.25, 0.75, 4.25, 0.25, 0.75, 4.25, 0.25, -3, 1.75, 0.25, -4, -4, 0.25, -2.5, -4, 0.25, 2.5, 1, 0.25, 4.25, -23, 0.25, -0.75, -23, 0.25, 0.75, -21, 0.25, 0.75, -21, 0.25, -0.75, -21, 0.25, 0.75, -20.5, 0.25, 1.25, -12.25, 0.25, 2.5, -12.25, 0.25, -2.5, -20.5, 0.25, -1.25, -21, 0.25, -0.75, -20.5, 0.25, 4.25, -11.75, 0.25, 3, -12.25, 0.25, 2.5, -20.5, 0.25, 1.25, -12.25, 0.25, -2.5, -11.75, 0.25, -3, -20.5, 0.25, -4, -20.5, 0.25, -1.25, -6.25, 0.25, 4, -6.25, 0.25, 3, -11.75, 0.25, 3, -20.5, 0.25, 4.25, -11.75, 0.25, -3, -6, 0.25, -3, -5.75, 0.25, -4, -20.5, 0.25, -4, -23, 0.25, 0.75, -23, 0.25, -0.75, -54, 0.25, -0.75, -54, 0.25, 0.75, -3.75, 0.25, 13.75, -4.25, 0.25, 12.25, -6.25, 0.25, 12.25, -4.25, 0.25, 17, -3.75, 0.25, 16.5, -1.75, 0.25, 16.5, -1.75, 0.25, 13.75, -3.75, 0.25, 13.75, -3.75, 0.25, 16.5, -6.75, 0.25, 11.75, -6.75, 0.25, 11, -9.75, 0.25, 12.25, -6.75, 0.25, 11, -2, 0.25, 6.75, -2.5, 0.25, 6.25, -9.75, 0.25, 12.25, -9.75, 0.25, 12.25, -12.5, 0.25, 12.25, -12.5, 0.25, 20.5, -4.25, 0.25, 20.5, -4.25, 0.25, 17, -4.25, 0.25, 17, -6.25, 0.25, 12.25, -6.75, 0.25, 11.75, -9.75, 0.25, 12.25, 9.75, 0.25, 8.75, 9, 0.25, 9, 9.5, 0.25, 9.5, 11.5, 0.25, 11, 9, 0.25, 11, 1, 0.25, 11, 1, 0.25, 13.25, 11.5, 0.25, 11, 9.5, 0.25, 9.5, 9, 0.25, 11, 0.5, 0.25, 13.75, -1.75, 0.25, 13.75, -1.75, 0.25, 16.5, 0.5, 0.25, 16.5, 18, 0.25, 19.25, 18, 0.25, 11, 11.5, 0.25, 11, 1, 0.25, 13.25, 0.5, 0.25, 13.75, 0.5, 0.25, 16.5, 1, 0.25, 17, 9, 0.25, 11, 9, 0.25, 11, 1, 0.25, 17, 1, 0.25, 19.25, 18, 0.25, 19.25, 11.5, 0.25, 11)
polygons = [PackedInt32Array(3, 2, 0), PackedInt32Array(0, 2, 1), PackedInt32Array(5, 4, 6), PackedInt32Array(6, 4, 7), PackedInt32Array(9, 8, 10), PackedInt32Array(10, 8, 11), PackedInt32Array(11, 8, 12), PackedInt32Array(15, 14, 13), PackedInt32Array(17, 16, 18), PackedInt32Array(18, 16, 19), PackedInt32Array(21, 20, 22), PackedInt32Array(22, 20, 23), PackedInt32Array(25, 24, 26), PackedInt32Array(27, 29, 28), PackedInt32Array(31, 30, 32), PackedInt32Array(32, 30, 33), PackedInt32Array(37, 36, 34), PackedInt32Array(34, 36, 35), PackedInt32Array(39, 38, 40), PackedInt32Array(40, 38, 41), PackedInt32Array(41, 38, 42), PackedInt32Array(46, 45, 43), PackedInt32Array(43, 45, 44), PackedInt32Array(52, 51, 47), PackedInt32Array(47, 51, 48), PackedInt32Array(48, 51, 49), PackedInt32Array(49, 51, 50), PackedInt32Array(55, 54, 53), PackedInt32Array(57, 56, 58), PackedInt32Array(58, 56, 59), PackedInt32Array(59, 56, 60), PackedInt32Array(62, 61, 63), PackedInt32Array(63, 61, 64), PackedInt32Array(66, 65, 67), PackedInt32Array(67, 65, 68), PackedInt32Array(70, 69, 71), PackedInt32Array(71, 69, 72), PackedInt32Array(74, 73, 75), PackedInt32Array(75, 73, 76), PackedInt32Array(78, 77, 79), PackedInt32Array(79, 77, 80), PackedInt32Array(81, 83, 82), PackedInt32Array(86, 85, 84), PackedInt32Array(89, 88, 87), PackedInt32Array(92, 91, 90), PackedInt32Array(94, 93, 95), PackedInt32Array(95, 93, 98), PackedInt32Array(95, 98, 97), PackedInt32Array(95, 97, 96), PackedInt32Array(102, 101, 99), PackedInt32Array(99, 101, 100), PackedInt32Array(108, 107, 103), PackedInt32Array(103, 107, 104), PackedInt32Array(104, 107, 106), PackedInt32Array(104, 106, 105), PackedInt32Array(111, 110, 112), PackedInt32Array(112, 110, 109), PackedInt32Array(114, 113, 115), PackedInt32Array(115, 113, 116), PackedInt32Array(118, 117, 119), PackedInt32Array(119, 117, 120), PackedInt32Array(122, 121, 123), PackedInt32Array(123, 121, 124), PackedInt32Array(128, 127, 125), PackedInt32Array(125, 127, 126), PackedInt32Array(130, 129, 131), PackedInt32Array(131, 129, 133), PackedInt32Array(131, 133, 132), PackedInt32Array(137, 136, 134), PackedInt32Array(134, 136, 135), PackedInt32Array(140, 139, 138), PackedInt32Array(142, 141, 143), PackedInt32Array(143, 141, 144), PackedInt32Array(145, 149, 146), PackedInt32Array(146, 149, 148), PackedInt32Array(146, 148, 147), PackedInt32Array(152, 151, 153), PackedInt32Array(153, 151, 150), PackedInt32Array(155, 154, 156), PackedInt32Array(156, 154, 157), PackedInt32Array(160, 159, 158), PackedInt32Array(163, 162, 161), PackedInt32Array(167, 166, 164), PackedInt32Array(164, 166, 165), PackedInt32Array(170, 169, 168), PackedInt32Array(172, 171, 173), PackedInt32Array(173, 171, 174), PackedInt32Array(174, 171, 175), PackedInt32Array(177, 176, 178), PackedInt32Array(178, 176, 180), PackedInt32Array(178, 180, 179)]
agent_radius = 0.75
filter_baking_aabb = AABB(0, 0, 0, 190, 190, 190)
filter_baking_aabb_offset = Vector3(-95, -95, -95)

[node name="TestLevel" type="Node3D"]

[node name="WorldEnvironment" type="WorldEnvironment" parent="."]
environment = SubResource("Environment_t5bu1")

[node name="TestLevel" type="NavigationRegion3D" parent="."]
navigation_mesh = SubResource("NavigationMesh_vwimf")

[node name="CSGBox3D" type="CSGBox3D" parent="TestLevel"]
transform = Transform3D(1, 0, 0, 0, 1, 0, 0, 0, 1, 0, 4.73, 0)
use_collision = true
collision_layer = 15
flip_faces = true
size = Vector3(200, 200, 200)
material = ExtResource("1_0romt")

[node name="CSGBox3D" type="CSGBox3D" parent="TestLevel/CSGBox3D"]
transform = Transform3D(1, 0, 0, 0, 1, 0, 0, 0, 1, 0, -1.77261, 0)
operation = 2
size = Vector3(10, 6, 10)
material = ExtResource("1_0romt")

[node name="CSGBox3D2" type="CSGBox3D" parent="TestLevel/CSGBox3D"]
transform = Transform3D(1, 0, 0, 0, 1, 0, 0, 0, 1, -16.4466, -1.77261, 0)
operation = 2
size = Vector3(10, 6, 10)
material = ExtResource("1_0romt")

[node name="CSGBox3D3" type="CSGBox3D" parent="TestLevel/CSGBox3D"]
transform = Transform3D(1, 0, 0, 0, 1, 0, 0, 0, 1, -8.43904, -1.77261, 16.4503)
operation = 2
size = Vector3(10, 6, 10)
material = ExtResource("1_0romt")

[node name="CSGBox3D4" type="CSGBox3D" parent="TestLevel/CSGBox3D"]
transform = Transform3D(1, 0, 0, 0, 1, 0, 0, 0, 1, 9.44743, -1.77261, 15.0577)
operation = 2
size = Vector3(18.6167, 6, 10)
material = ExtResource("1_0romt")

[node name="CSGBox3D5" type="CSGBox3D" parent="TestLevel/CSGBox3D"]
transform = Transform3D(1, 0, 0, 0, 1, 0, 0, 0, 1, 15.9155, -1.77261, -15.0577)
operation = 2
size = Vector3(13.623, 6, 10)
material = ExtResource("1_0romt")

[node name="CSGBox3D14" type="CSGBox3D" parent="TestLevel/CSGBox3D"]
transform = Transform3D(1, 0, 0, 0, 1, 0, 0, 0, 1, 18.5199, -1.77261, -1.31826)
operation = 2
size = Vector3(9.09082, 6, 18.8514)
material = ExtResource("1_0romt")

[node name="CSGBox3D6" type="CSGBox3D" parent="TestLevel/CSGBox3D"]
transform = Transform3D(1, 0, 0, 0, 1, 0, 0, 0, 1, -12.8612, -1.77261, -14.3398)
operation = 2
size = Vector3(18.1479, 6, 13.3506)
material = ExtResource("1_0romt")

[node name="CSGBox3D7" type="CSGBox3D" parent="TestLevel/CSGBox3D"]
transform = Transform3D(1, 0, 0, 0, 1, 0, 0, 0, 1, 6.3575, -1.77261, -7.57235)
operation = 2
size = Vector3(10, 6, 10)
material = ExtResource("1_0romt")

[node name="Hallway" type="CSGBox3D" parent="TestLevel/CSGBox3D"]
transform = Transform3D(1, 0, 0, 0, 1, 0, 0, 0, 1, 5.66119, -2.75, -16.4006)
operation = 2
size = Vector3(10, 4, 2.78809)
material = ExtResource("1_0romt")

[node name="Hallway2" type="CSGBox3D" parent="TestLevel/CSGBox3D"]
transform = Transform3D(1, 0, 0, 0, 1, 0, 0, 0, 1, -0.518549, -2.75, -17.0969)
operation = 2
size = Vector3(10, 4, 2.78809)
material = ExtResource("1_0romt")

[node name="Hallway3" type="CSGBox3D" parent="TestLevel/CSGBox3D"]
transform = Transform3D(1, 0, 0, 0, 1, 0, 0, 0, 1, -8.22499, -2.75, -3.58431)
operation = 2
size = Vector3(10, 4, 2.78809)
material = ExtResource("1_0romt")

[node name="Hallway4" type="CSGBox3D" parent="TestLevel/CSGBox3D"]
transform = Transform3D(1, 0, 0, 0, 1, 0, 0, 0, 1, -8.52609, -2.75, 3.5966)
operation = 2
size = Vector3(10, 4, 2.78809)
material = ExtResource("1_0romt")

[node name="Hallway5" type="CSGBox3D" parent="TestLevel/CSGBox3D"]
transform = Transform3D(0.763154, 0, 0.646217, 0, 1, 0, -0.646217, 0, 0.763154, -3.80631, -2.75, 7.77801)
operation = 2
size = Vector3(15.9823, 4, 2.78809)
material = ExtResource("1_0romt")

[node name="Hallway6" type="CSGBox3D" parent="TestLevel/CSGBox3D"]
transform = Transform3D(-0.567772, 0, 0.823186, 0, 1, 0, -0.823186, 0, -0.567772, 7.16055, -2.75, 5.515)
operation = 2
size = Vector3(15.9823, 4, 2.78809)
material = ExtResource("1_0romt")

[node name="Hallway7" type="CSGBox3D" parent="TestLevel/CSGBox3D"]
transform = Transform3D(-0.999996, 0, -0.0028798, 0, 1, 0, 0.0028798, 0, -0.999996, -1.34564, -2.75, 15.1576)
operation = 2
size = Vector3(15.9823, 4, 4.37012)
material = ExtResource("1_0romt")

[node name="HallwaySpawn" type="CSGBox3D" parent="TestLevel/CSGBox3D"]
transform = Transform3D(1, 0, 0, 0, 1, 0, 0, 0, 1, -38.136, -2.75, 0)
operation = 2
size = Vector3(33.68, 4, 3.361)
material = ExtResource("1_0romt")

[node name="Enemies" type="Node3D" parent="."]

[node name="Enemy" parent="Enemies" instance=ExtResource("2_vug43")]
transform = Transform3D(1, 0, 0, 0, 1, 0, 0, 0, 1, -19.8175, 0, -19.2982)

[node name="Enemy2" parent="Enemies" instance=ExtResource("2_vug43")]
transform = Transform3D(0.551937, 0, 0.833886, 0, 1, 0, -0.833886, 0, 0.551937, -18.8076, 0, -20.1739)

[node name="Enemy3" parent="Enemies" instance=ExtResource("2_vug43")]
transform = Transform3D(0.551937, 0, 0.833886, 0, 1, 0, -0.833886, 0, 0.551937, -21.2396, 0, -18.5309)

[node name="Enemy4" parent="Enemies" instance=ExtResource("2_vug43")]
transform = Transform3D(1, 0, 0, 0, 1, 0, 0, 0, 1, -21.2199, 0, -17.1402)

[node name="Enemy62" parent="Enemies" instance=ExtResource("2_vug43")]
transform = Transform3D(0.551937, 0, 0.833886, 0, 1, 0, -0.833886, 0, 0.551937, -14.2715, -9.53674e-07, -15.355)

[node name="Enemy63" parent="Enemies" instance=ExtResource("2_vug43")]
transform = Transform3D(1, 0, 0, 0, 1, 0, 0, 0, 1, -11.982, -9.53674e-07, -15.8119)

[node name="Enemy64" parent="Enemies" instance=ExtResource("2_vug43")]
transform = Transform3D(0.551937, 0, 0.833886, 0, 1, 0, -0.833886, 0, 0.551937, -12.9601, -9.53674e-07, -13.3578)

[node name="Enemy65" parent="Enemies" instance=ExtResource("2_vug43")]
transform = Transform3D(0.551937, 0, 0.833886, 0, 1, 0, -0.833886, 0, 0.551937, -14.2246, -9.53674e-07, -14.2158)

[node name="Enemy66" parent="Enemies" instance=ExtResource("2_vug43")]
transform = Transform3D(1, 0, 0, 0, 1, 0, 0, 0, 1, -12.8628, -9.53674e-07, -14.7762)

[node name="Enemy70" parent="Enemies" instance=ExtResource("2_vug43")]
transform = Transform3D(1, 0, 0, 0, 1, 0, 0, 0, 1, 3.29865, -9.53674e-07, -9.91513)

[node name="Enemy71" parent="Enemies" instance=ExtResource("2_vug43")]
transform = Transform3D(0.551937, 0, 0.833886, 0, 1, 0, -0.833886, 0, 0.551937, 3.98321, -9.53674e-07, -11.8051)

[node name="Enemy72" parent="Enemies" instance=ExtResource("2_vug43")]
transform = Transform3D(1, 0, 0, 0, 1, 0, 0, 0, 1, 2.15925, 0.0489769, -8.17742)

[node name="Enemy73" parent="Enemies" instance=ExtResource("2_vug43")]
transform = Transform3D(1, 0, 0, 0, 1, 0, 0, 0, 1, 2.99326, -9.53674e-07, -7.14182)

[node name="Enemy74" parent="Enemies" instance=ExtResource("2_vug43")]
transform = Transform3D(0.551937, 0, 0.833886, 0, 1, 0, -0.833886, 0, 0.551937, 4.5695, -9.53674e-07, -9.16401)

[node name="Enemy75" parent="Enemies" instance=ExtResource("2_vug43")]
transform = Transform3D(1, 0, 0, 0, 1, 0, 0, 0, 1, -2.3779, -9.53674e-07, -1.28864)

[node name="Enemy76" parent="Enemies" instance=ExtResource("2_vug43")]
transform = Transform3D(1, 0, 0, 0, 1, 0, 0, 0, 1, -1.99726, -9.53674e-07, 0.627367)

[node name="Enemy77" parent="Enemies" instance=ExtResource("2_vug43")]
transform = Transform3D(1, 0, 0, 0, 1, 0, 0, 0, 1, -4.03732, -9.53674e-07, 0.456421)

[node name="Enemy78" parent="Enemies" instance=ExtResource("2_vug43")]
transform = Transform3D(1, 0, 0, 0, 1, 0, 0, 0, 1, -2.78004, -9.53674e-07, 0.0742681)

[node name="Enemy79" parent="Enemies" instance=ExtResource("2_vug43")]
transform = Transform3D(0.551937, 0, 0.833886, 0, 1, 0, -0.833886, 0, 0.551937, 3.54231, -9.53674e-07, -1.03685)

[node name="Enemy80" parent="Enemies" instance=ExtResource("2_vug43")]
transform = Transform3D(0.551937, 0, 0.833886, 0, 1, 0, -0.833886, 0, 0.551937, -1.35461, -9.53674e-07, -0.337197)

[node name="Enemy81" parent="Enemies" instance=ExtResource("2_vug43")]
transform = Transform3D(0.551937, 0, 0.833886, 0, 1, 0, -0.833886, 0, 0.551937, 3.16715, -9.53674e-07, 0.350994)

[node name="Enemy82" parent="Enemies" instance=ExtResource("2_vug43")]
transform = Transform3D(0.551937, 0, 0.833886, 0, 1, 0, -0.833886, 0, 0.551937, 4.84516, -9.53674e-07, 1.24864)

[node name="Enemy83" parent="Enemies" instance=ExtResource("2_vug43")]
transform = Transform3D(0.551937, 0, 0.833886, 0, 1, 0, -0.833886, 0, 0.551937, 3.4567, -7.15256e-07, 1.22819)

[node name="Enemy84" parent="Enemies" instance=ExtResource("2_vug43")]
transform = Transform3D(0.551937, 0, 0.833886, 0, 1, 0, -0.833886, 0, 0.551937, 4.3167, -1.19209e-06, -0.117504)

[node name="Enemy85" parent="Enemies" instance=ExtResource("2_vug43")]
transform = Transform3D(0.551937, 0, 0.833886, 0, 1, 0, -0.833886, 0, 0.551937, 13.236, -4.76837e-07, 14.9484)

[node name="Enemy86" parent="Enemies" instance=ExtResource("2_vug43")]
transform = Transform3D(0.551937, 0, 0.833886, 0, 1, 0, -0.833886, 0, 0.551937, 11.9518, -9.53674e-07, 16.0768)

[node name="Enemy87" parent="Enemies" instance=ExtResource("2_vug43")]
transform = Transform3D(0.551937, 0, 0.833886, 0, 1, 0, -0.833886, 0, 0.551937, 10.5327, -9.53674e-07, 17.8336)

[node name="Enemy88" parent="Enemies" instance=ExtResource("2_vug43")]
transform = Transform3D(1, 0, 0, 0, 1, 0, 0, 0, 1, 7.0949, -9.53674e-07, 13.7302)

[node name="Enemy89" parent="Enemies" instance=ExtResource("2_vug43")]
transform = Transform3D(1, 0, 0, 0, 1, 0, 0, 0, 1, 11.1654, -9.53674e-07, 19.0987)

[node name="Enemy90" parent="Enemies" instance=ExtResource("2_vug43")]
transform = Transform3D(0.903455, 0, 0.428683, 0, 1, 0, -0.428683, 0, 0.903455, 14.6329, -9.53674e-07, 14.3688)

[node name="Enemy91" parent="Enemies" instance=ExtResource("2_vug43")]
transform = Transform3D(0.903455, 0, 0.428683, 0, 1, 0, -0.428683, 0, 0.903455, 15.6269, -9.53674e-07, 10.8575)

[node name="Enemy92" parent="Enemies" instance=ExtResource("2_vug43")]
transform = Transform3D(0.903455, 0, 0.428683, 0, 1, 0, -0.428683, 0, 0.903455, 13.656, -9.53674e-07, 16.202)

[node name="Enemy93" parent="Enemies" instance=ExtResource("2_vug43")]
transform = Transform3D(0.551937, 0, 0.833886, 0, 1, 0, -0.833886, 0, 0.551937, 13.9144, -9.53674e-07, 17.514)

[node name="Enemy94" parent="Enemies" instance=ExtResource("2_vug43")]
transform = Transform3D(0.903455, 0, 0.428683, 0, 1, 0, -0.428683, 0, 0.903455, 14.5881, -9.53674e-07, 11.9197)

[node name="Enemy67" parent="Enemies" instance=ExtResource("2_vug43")]
transform = Transform3D(0.551937, 0, 0.833886, 0, 1, 0, -0.833886, 0, 0.551937, -4.78909, -9.53674e-07, -11.0202)

[node name="Enemy68" parent="Enemies" instance=ExtResource("2_vug43")]
transform = Transform3D(0.551937, 0, 0.833886, 0, 1, 0, -0.833886, 0, 0.551937, -6.75333, -1.43051e-06, -9.18219)

[node name="Enemy69" parent="Enemies" instance=ExtResource("2_vug43")]
transform = Transform3D(0.551937, 0, 0.833886, 0, 1, 0, -0.833886, 0, 0.551937, -8.91039, -9.53674e-07, -9.00892)

[node name="Enemy5" parent="Enemies" instance=ExtResource("2_vug43")]
transform = Transform3D(1, 0, 0, 0, 1, 0, 0, 0, 1, -20.8963, 0, -9.18628)

[node name="Enemy6" parent="Enemies" instance=ExtResource("2_vug43")]
transform = Transform3D(1, 0, 0, 0, 1, 0, 0, 0, 1, -19.8552, 0, -14.2769)

[node name="Enemy7" parent="Enemies" instance=ExtResource("2_vug43")]
transform = Transform3D(0.551937, 0, 0.833886, 0, 1, 0, -0.833886, 0, 0.551937, -7.92467, 0, -15.3892)

[node name="Enemy8" parent="Enemies" instance=ExtResource("2_vug43")]
transform = Transform3D(1, 0, 0, 0, 1, 0, 0, 0, 1, -14.5589, -4.76837e-07, -12.7893)

[node name="Enemy9" parent="Enemies" instance=ExtResource("2_vug43")]
transform = Transform3D(0.551937, 0, 0.833886, 0, 1, 0, -0.833886, 0, 0.551937, -6.4219, 0, -20.0239)

[node name="Enemy10" parent="Enemies" instance=ExtResource("2_vug43")]
transform = Transform3D(1, 0, 0, 0, 1, 0, 0, 0, 1, -5.51066, 0, -18.8915)

[node name="Enemy11" parent="Enemies" instance=ExtResource("2_vug43")]
transform = Transform3D(1, 0, 0, 0, 1, 0, 0, 0, 1, -4.616, 0, -20.217)

[node name="Enemy12" parent="Enemies" instance=ExtResource("2_vug43")]
transform = Transform3D(1, 0, 0, 0, 1, 0, 0, 0, 1, -5.74311, 0, -9.86018)

[node name="Enemy13" parent="Enemies" instance=ExtResource("2_vug43")]
transform = Transform3D(1, 0, 0, 0, 1, 0, 0, 0, 1, -4.7435, 0, -9.17004)

[node name="Enemy14" parent="Enemies" instance=ExtResource("2_vug43")]
transform = Transform3D(0.551937, 0, 0.833886, 0, 1, 0, -0.833886, 0, 0.551937, -7.60721, 0, -10.3035)

[node name="Enemy15" parent="Enemies" instance=ExtResource("2_vug43")]
transform = Transform3D(1, 0, 0, 0, 1, 0, 0, 0, 1, 2.62914, 0, -16.584)

[node name="Enemy16" parent="Enemies" instance=ExtResource("2_vug43")]
transform = Transform3D(0.551937, 0, 0.833886, 0, 1, 0, -0.833886, 0, 0.551937, -10.5029, 0, -3.61414)

[node name="Enemy17" parent="Enemies" instance=ExtResource("2_vug43")]
transform = Transform3D(1, 0, 0, 0, 1, 0, 0, 0, 1, -5.75587, 0, -3.40524)

[node name="Enemy18" parent="Enemies" instance=ExtResource("2_vug43")]
transform = Transform3D(1, 0, 0, 0, 1, 0, 0, 0, 1, -19.701, 0, -3.32782)

[node name="Enemy19" parent="Enemies" instance=ExtResource("2_vug43")]
transform = Transform3D(1, 0, 0, 0, 1, 0, 0, 0, 1, -20.5136, 4.76837e-07, -2.53633)

[node name="Enemy95" parent="Enemies" instance=ExtResource("2_vug43")]
transform = Transform3D(0.934024, 0, 0.357211, 0, 1, 0, -0.357211, 0, 0.934024, -18.8737, 4.76837e-07, -4.24414)

[node name="Enemy20" parent="Enemies" instance=ExtResource("2_vug43")]
transform = Transform3D(0.551937, 0, 0.833886, 0, 1, 0, -0.833886, 0, 0.551937, -20.8764, -0.0426078, 3.20038)

[node name="Enemy21" parent="Enemies" instance=ExtResource("2_vug43")]
transform = Transform3D(1, 0, 0, 0, 1, 0, 0, 0, 1, -20.7348, 0, 4.472)

[node name="Enemy22" parent="Enemies" instance=ExtResource("2_vug43")]
transform = Transform3D(0.551937, 0, 0.833886, 0, 1, 0, -0.833886, 0, 0.551937, -16.7178, -4.76837e-07, 4.37717)

[node name="Enemy23" parent="Enemies" instance=ExtResource("2_vug43")]
transform = Transform3D(1, 0, 0, 0, 1, 0, 0, 0, 1, -3.14388, 0, 1.1602)

[node name="Enemy24" parent="Enemies" instance=ExtResource("2_vug43")]
transform = Transform3D(1, 0, 0, 0, 1, 0, 0, 0, 1, -3.3437, 0, -0.717143)

[node name="Enemy25" parent="Enemies" instance=ExtResource("2_vug43")]
transform = Transform3D(1, 0, 0, 0, 1, 0, 0, 0, 1, 3.33486, 0, -8.42507)

[node name="Enemy26" parent="Enemies" instance=ExtResource("2_vug43")]
transform = Transform3D(1, 0, 0, 0, 1, 0, 0, 0, 1, 4.70329, 0, -10.6297)

[node name="Enemy27" parent="Enemies" instance=ExtResource("2_vug43")]
transform = Transform3D(0.551937, 0, 0.833886, 0, 1, 0, -0.833886, 0, 0.551937, 5.72422, 0, -11.4332)

[node name="Enemy28" parent="Enemies" instance=ExtResource("2_vug43")]
transform = Transform3D(1, 0, 0, 0, 1, 0, 0, 0, 1, 6.89042, 0, -5.93475)

[node name="Enemy110" parent="Enemies" instance=ExtResource("2_vug43")]
transform = Transform3D(1, 0, 0, 0, 1, 0, 0, 0, 1, 6.89042, 0, -3.93475)

[node name="Enemy111" parent="Enemies" instance=ExtResource("2_vug43")]
transform = Transform3D(1, 0, 0, 0, 1, 0, 0, 0, 1, 8.12465, 0, -3.34919)

[node name="Enemy112" parent="Enemies" instance=ExtResource("2_vug43")]
transform = Transform3D(1, 0, 0, 0, 1, 0, 0, 0, 1, 8.5838, 0, -5.09937)

[node name="Enemy113" parent="Enemies" instance=ExtResource("2_vug43")]
transform = Transform3D(1, 0, 0, 0, 1, 0, 0, 0, 1, 9.42752, 0, -3.78746)

[node name="Enemy29" parent="Enemies" instance=ExtResource("2_vug43")]
transform = Transform3D(0.551937, 0, 0.833886, 0, 1, 0, -0.833886, 0, 0.551937, 2.5247, 0, -11.4642)

[node name="Enemy30" parent="Enemies" instance=ExtResource("2_vug43")]
transform = Transform3D(1, 0, 0, 0, 1, 0, 0, 0, 1, -12.558, 0, 18.6948)

[node name="Enemy99" parent="Enemies" instance=ExtResource("2_vug43")]
transform = Transform3D(1, 0, 0, 0, 1, 0, 0, 0, 1, -11.4064, 0, 19.9833)

[node name="Enemy100" parent="Enemies" instance=ExtResource("2_vug43")]
transform = Transform3D(1, 0, 0, 0, 1, 0, 0, 0, 1, -12.5819, 0, 12.2622)

[node name="Enemy101" parent="Enemies" instance=ExtResource("2_vug43")]
transform = Transform3D(1, 0, 0, 0, 1, 0, 0, 0, 1, -12.8922, 0, 13.3512)

[node name="Enemy31" parent="Enemies" instance=ExtResource("2_vug43")]
transform = Transform3D(0.551937, 0, 0.833886, 0, 1, 0, -0.833886, 0, 0.551937, -4.62784, 0, 8.8456)

[node name="Enemy32" parent="Enemies" instance=ExtResource("2_vug43")]
transform = Transform3D(1, 0, 0, 0, 1, 0, 0, 0, 1, 13.5637, 0, 13.1326)

[node name="Enemy33" parent="Enemies" instance=ExtResource("2_vug43")]
transform = Transform3D(1, 0, 0, 0, 1, 0, 0, 0, 1, 14.9708, 4.76837e-07, 18.3339)

[node name="Enemy102" parent="Enemies" instance=ExtResource("2_vug43")]
transform = Transform3D(1, 0, 0, 0, 1, 0, 0, 0, 1, 16.1414, 4.76837e-07, 14.8259)

[node name="Enemy103" parent="Enemies" instance=ExtResource("2_vug43")]
transform = Transform3D(1, 0, 0, 0, 1, 0, 0, 0, 1, 15.9887, 4.76837e-07, 17.1568)

[node name="Enemy104" parent="Enemies" instance=ExtResource("2_vug43")]
transform = Transform3D(1, 0, 0, 0, 1, 0, 0, 0, 1, 17.5305, 4.76837e-07, 15.7801)

[node name="Enemy105" parent="Enemies" instance=ExtResource("2_vug43")]
transform = Transform3D(1, 0, 0, 0, 1, 0, 0, 0, 1, 17.5766, -0.125955, 17.5146)

[node name="Enemy106" parent="Enemies" instance=ExtResource("2_vug43")]
transform = Transform3D(1, 0, 0, 0, 1, 0, 0, 0, 1, 16.5982, -0.125955, 18.8336)

[node name="Enemy107" parent="Enemies" instance=ExtResource("2_vug43")]
transform = Transform3D(1, 0, 0, 0, 1, 0, 0, 0, 1, 17.4631, -0.125955, 13.0095)

[node name="Enemy108" parent="Enemies" instance=ExtResource("2_vug43")]
transform = Transform3D(1, 0, 0, 0, 1, 0, 0, 0, 1, 15.5722, -0.125955, 12.9761)

[node name="Enemy109" parent="Enemies" instance=ExtResource("2_vug43")]
transform = Transform3D(1, 0, 0, 0, 1, 0, 0, 0, 1, 17.2586, -0.125955, 11.3447)

[node name="Enemy34" parent="Enemies" instance=ExtResource("2_vug43")]
transform = Transform3D(0.551937, 0, 0.833886, 0, 1, 0, -0.833886, 0, 0.551937, 15.1282, 0, 16.2717)

[node name="Enemy35" parent="Enemies" instance=ExtResource("2_vug43")]
transform = Transform3D(1, 0, 0, 0, 1, 0, 0, 0, 1, 12.6862, 0, 18.9161)

[node name="Enemy36" parent="Enemies" instance=ExtResource("2_vug43")]
transform = Transform3D(0.551937, 0, 0.833886, 0, 1, 0, -0.833886, 0, 0.551937, 8.68479, -4.76837e-07, 18.9823)

[node name="Enemy37" parent="Enemies" instance=ExtResource("2_vug43")]
transform = Transform3D(1, 0, 0, 0, 1, 0, 0, 0, 1, 12.1325, 0, 17.8544)

[node name="Enemy38" parent="Enemies" instance=ExtResource("2_vug43")]
transform = Transform3D(1, 0, 0, 0, 1, 0, 0, 0, 1, 9.91775, 0, 19.0005)

[node name="Enemy39" parent="Enemies" instance=ExtResource("2_vug43")]
transform = Transform3D(1, 0, 0, 0, 1, 0, 0, 0, 1, -12.7187, 0, 20.5966)

[node name="Enemy40" parent="Enemies" instance=ExtResource("2_vug43")]
transform = Transform3D(1, 0, 0, 0, 1, 0, 0, 0, 1, -5.54033, 0, 20.6129)

[node name="Enemy96" parent="Enemies" instance=ExtResource("2_vug43")]
transform = Transform3D(1, 0, 0, 0, 1, 0, 0, 0, 1, -5.03606, 0, 18.5501)

[node name="Enemy97" parent="Enemies" instance=ExtResource("2_vug43")]
transform = Transform3D(1, 0, 0, 0, 1, 0, 0, 0, 1, -5.99235, 0, 19.284)

[node name="Enemy98" parent="Enemies" instance=ExtResource("2_vug43")]
transform = Transform3D(1, 0, 0, 0, 1, 0, 0, 0, 1, -7.25811, 0, 20.4455)

[node name="Enemy41" parent="Enemies" instance=ExtResource("2_vug43")]
transform = Transform3D(1, 0, 0, 0, 1, 0, 0, 0, 1, -4.1486, 0, 19.5155)

[node name="Enemy42" parent="Enemies" instance=ExtResource("2_vug43")]
transform = Transform3D(1, 0, 0, 0, 1, 0, 0, 0, 1, -4.28416, 0, 20.5448)

[node name="Enemy43" parent="Enemies" instance=ExtResource("2_vug43")]
transform = Transform3D(1, 0, 0, 0, 1, 0, 0, 0, 1, 16.0727, 0, 6.14009)

[node name="Enemy44" parent="Enemies" instance=ExtResource("2_vug43")]
transform = Transform3D(1, 0, 0, 0, 1, 0, 0, 0, 1, 15.9346, 0, 3.32098)

[node name="Enemy45" parent="Enemies" instance=ExtResource("2_vug43")]
transform = Transform3D(1, 0, 0, 0, 1, 0, 0, 0, 1, 15.9138, 0, 0.873534)

[node name="Enemy46" parent="Enemies" instance=ExtResource("2_vug43")]
transform = Transform3D(1, 0, 0, 0, 1, 0, 0, 0, 1, 14.9092, 0, -1.63627)

[node name="Enemy47" parent="Enemies" instance=ExtResource("2_vug43")]
transform = Transform3D(1, 0, 0, 0, 1, 0, 0, 0, 1, 20.7998, 0, 6.21706)

[node name="Enemy48" parent="Enemies" instance=ExtResource("2_vug43")]
transform = Transform3D(1, 0, 0, 0, 1, 0, 0, 0, 1, 20.6426, 0, 3.33608)

[node name="Enemy49" parent="Enemies" instance=ExtResource("2_vug43")]
transform = Transform3D(1, 0, 0, 0, 1, 0, 0, 0, 1, 19.7282, 0, 0.457999)

[node name="Enemy50" parent="Enemies" instance=ExtResource("2_vug43")]
transform = Transform3D(1, 0, 0, 0, 1, 0, 0, 0, 1, 20.6279, 0, -1.90816)

[node name="Enemy51" parent="Enemies" instance=ExtResource("2_vug43")]
transform = Transform3D(1, 0, 0, 0, 1, 0, 0, 0, 1, 16.104, 0, -4.36826)

[node name="Enemy52" parent="Enemies" instance=ExtResource("2_vug43")]
transform = Transform3D(1, 0, 0, 0, 1, 0, 0, 0, 1, 20.8853, 0, -4.98935)

[node name="Enemy53" parent="Enemies" instance=ExtResource("2_vug43")]
transform = Transform3D(1, 0, 0, 0, 1, 0, 0, 0, 1, 16.0153, 0, -7.68197)

[node name="Enemy54" parent="Enemies" instance=ExtResource("2_vug43")]
transform = Transform3D(1, 0, 0, 0, 1, 0, 0, 0, 1, 20.9957, 0, -7.88829)

[node name="Enemy55" parent="Enemies" instance=ExtResource("2_vug43")]
transform = Transform3D(1, 0, 0, 0, 1, 0, 0, 0, 1, 20.649, 0, -17.7106)

[node name="Enemy56" parent="Enemies" instance=ExtResource("2_vug43")]
transform = Transform3D(1, 0, 0, 0, 1, 0, 0, 0, 1, 12.1251, 0, -17.4395)

[node name="Enemy57" parent="Enemies" instance=ExtResource("2_vug43")]
transform = Transform3D(1, 0, 0, 0, 1, 0, 0, 0, 1, 21.5252, 0, -18.6662)

[node name="Enemy58" parent="Enemies" instance=ExtResource("2_vug43")]
transform = Transform3D(1, 0, 0, 0, 1, 0, 0, 0, 1, 11.9361, -2.38419e-07, -19.2991)

[node name="Enemy59" parent="Enemies" instance=ExtResource("2_vug43")]
transform = Transform3D(1, 0, 0, 0, 1, 0, 0, 0, 1, 21.7714, 0, -17.2039)

[node name="Enemy60" parent="Enemies" instance=ExtResource("2_vug43")]
transform = Transform3D(1, 0, 0, 0, 1, 0, 0, 0, 1, 19.9024, 2.38419e-07, -19.0318)

[node name="Enemy61" parent="Enemies" instance=ExtResource("2_vug43")]
transform = Transform3D(1, 0, 0, 0, 1, 0, 0, 0, 1, 9.90386, 2.38419e-07, -19.3788)

[node name="Player" parent="." instance=ExtResource("3_h7313")]
transform = Transform3D(-4.37114e-08, 0, -1, 0, 1, 0, 1, 0, -4.37114e-08, -53.625, 0, 0)

[node name="Environment" type="Node3D" parent="."]

[node name="Lights" type="Node3D" parent="Environment"]

[node name="CeilingLight" parent="Environment/Lights" instance=ExtResource("4_6gl0i")]
transform = Transform3D(1, 0, 0, 0, 1, 0, 0, 0, 1, -8, 0.27614, 16)

[node name="CeilingLight2" parent="Environment/Lights" instance=ExtResource("4_6gl0i")]
transform = Transform3D(1, 0, 0, 0, 1, 0, 0, 0, 1, 10, 0.27614, 15)

[node name="CeilingLight3" parent="Environment/Lights" instance=ExtResource("4_6gl0i")]
transform = Transform3D(1, 0, 0, 0, 1, 0, 0, 0, 1, -16, 0.27614, 0)

[node name="CeilingLight4" parent="Environment/Lights" instance=ExtResource("4_6gl0i")]
transform = Transform3D(1, 0, 0, 0, 1, 0, 0, 0, 1, -48, -1.68854, 0)

[node name="CeilingLight5" parent="Environment/Lights" instance=ExtResource("4_6gl0i")]
transform = Transform3D(1, 0, 0, 0, 1, 0, 0, 0, 1, -32, -1.68854, 0)

[node name="CeilingLight6" parent="Environment/Lights" instance=ExtResource("4_6gl0i")]
transform = Transform3D(1, 0, 0, 0, 1, 0, 0, 0, 1, -13, 0.27614, -15)

[node name="CeilingLight7" parent="Environment/Lights" instance=ExtResource("4_6gl0i")]
transform = Transform3D(1, 0, 0, 0, 1, 0, 0, 0, 1, 19, 0.27614, -1)

[node name="Clock" parent="Environment" instance=ExtResource("5_a8vkq")]
transform = Transform3D(-2.18557e-08, 0, -0.5, 0, 0.5, 0, 0.5, 0, -2.18557e-08, -11.5412, 3.98154, 0)
